-47.9375 24 -12.238778114318848
-52.25 25 -13.846273422241211
-3.25 35 -25.95808219909668
-5.9375 33.5 -26.219549179077148
-20.0625 28 -11.064404487609863
-19.8125 32 -14.364264488220215
-20.125 37.5 -19.408235549926758
-44.75 2.5 5.0173168182373047
-47.3125 -2 8.0920944213867187
-48.0625 -4 10.213415145874023
-8.4375 91 -48.897205352783203
-10.375 95 -48.897205352783203
-11.8125 95 -48.508979797363281
-12.625 97.5 -48.074855804443359
-101.6875 36.5 -48.233413696289063
-107 28 -47.880928039550781
-107 23.5 -47.881729125976563
-112.75 9.5 -47.881729125976563
-20.1875 -23 5.3537101745605469
-20 -21.5 4.4774789810180664
-18.125 -23.5 6.3999991416931152
-81.9375 -15.5 23.800195693969727
-75.25 -19.5 16.037530899047852
-76.25 -24.5 14.141712188720703
-88.125 -33.5 7.9344406127929687
3.8125 80.5 55.850208282470703
5.875 80 55.850208282470703
7.25 79.5 56.110683441162109
-80 103.5 76.35687255859375
-81.5625 105.5 77.211921691894531
-85.125 103 81.454559326171875
-85.1875 103 81.489921569824219
10.625 21.5 -49.798568725585938
4.75 24 -45.044651031494141
2.75 20 -43.015159606933594
2.8125 20 -42.866531372070313
4.5 16.5 -38.407661437988281
-4.75 12.5 -31.529962539672852
-4.4375 13 -28.275691986083984
-1.25 17 -26.675899505615234
-1.25 17 -29.741508483886719
-79.5625 31.5 -19.922262191772461
-80.1875 30.5 -22.173929214477539
-82.5625 33.5 -20.669040679931641
-82.5625 36 -22.085102081298828
-83.625 39 -24.045803070068359
-14.375 36 -19.192405700683594
-15 29.5 -19.553524017333984
-17.1875 27.5 -18.789638519287109
-17.3125 27.5 -18.772207260131836
-22.9375 21.5 -18.074960708618164
-33.9375 7.5 -4.011909008026123
-29.4375 10.5 0.35904690623283386
-28.75 12.5 -0.23623691499233246
-30 10 -1.4406989812850952
-16.25 22 -2.8817105293273926
-19.0625 17 -1.9869054555892944
-24.375 17 -2.4497025012969971
-25.25 10.5 -1.54646897315979
-21.875 -22 -3.6983406543731689
-22.0625 -17 0.029906094074249268
-23.75 -15.5 -1.1459193229675293
-25.5625 -12.5 -0.0038561087567359209
-25.375 -11 -1.8432470560073853
-69.9375 27 -0.53882801532745361
-69.9375 27 -0.54056447744369507
-72.8125 35 -1.9992091655731201
-72.8125 38.5 2.2140352725982666
-69.0625 45 5.7006359100341797
-22.5 -17.5 -0.17690607905387878
-24.3125 -19.5 2.5523025989532471
-21.0625 -21 3.9394712448120117
8.75 134.5 24.674583435058594
5.8125 137 23.997354507446289
5.8125 137 22.197357177734375
6.6875 134.5 19.581062316894531
5.9375 132.5 18.032405853271484
-49.75 1.5 20.51124382019043
-49.3125 5.5 21.599887847900391
-47.5625 8 22.287746429443359
-47.875 8.5 23.644052505493164
-53.375 5 18.39277458190918
-70.75 -13.5 33.228973388671875
-65.25 -1.5 29.605506896972656
-65.1875 -1 29.553741455078125
-70.4375 2.5 27.953897476196289
-74.5625 6 26.24290657043457
14.4375 129 41.204166412353516
13.0625 127.5 40.223690032958984
14.875 125 42.942684173583984
12.4375 127.5 42.759506225585938
9.8125 126 44.561233520507813
-54.0625 93.5 42.472862243652344
-56.9375 92.5 43.675022125244141
-59.8125 91.5 44.877185821533203
-64.625 89.5 46.880790710449219
-64.75 89.5 46.9368896484375
-74.125 11 59.25
-75.125 12.5 59.389366149902344
-79.25 19.5 59.946140289306641
-79.125 26.5 62.977752685546875
-74.375 27 65.777900695800781
-77.5625 23.5 69.968231201171875
-85.8125 11.5 74.029800415039063
-86.1875 7 74.250007629394531
-96.75 -1.5 76.486427307128906
-123.1875 4.5 -24.274761199951172
-123.5625 2 -24.691516876220703
-128.125 -0.5 -28.095510482788086
-126.8125 -2.5 -29.444910049438477
-124.375 -1 -30.712764739990234
-128.8125 0.5 -39.498092651367187
-127.375 -8 -41.244552612304688
-66.625 34 -5.0648312568664551
-68.25 28 0.077469497919082642
-69.375 24 -2.8348703384399414
-73.875 23 -5.484870433807373
-72.375 21.5 -5.9016256332397461
-73.6875 19 -10.491560935974121
-23.0625 40 -0.76897209882736206
-23.1875 41 -0.78642451763153076
-23.75 45 -0.85623413324356079
-24.3125 49 -0.9260438084602356
-24.4375 50 -0.94349616765975952
-24.625 51 -1.1171443462371826
-24.75 52 -1.2907925844192505
-27 90 1.8577369451522827
-26.125 87.5 2.7469892501831055
-26.125 86.5 2.9553670883178711
-25.1875 83.5 2.5253221988677979
-25.5 85 -0.19360107183456421
-25.5625 85 -0.64675498008728027
-144.6875 -41 5.7999911308288574
-148.625 -46.5 8.4565591812133789
-161.5 -54 13.264158248901367
-166.4375 -54.5 13.523299217224121
-168.1875 -52.5 15.800025939941406
-167.5625 -49 18.033046722412109
3 48 10.580047607421875
2.9375 48 10.612628936767578
1.0625 46.5 13.620603561401367
-1 46.5 14.147221565246582
-5.8125 44.5 11.989249229431152
-7.75 52 9.889622688293457
1.5 73 11.231423377990723
0.125 70 18.86729621887207
-2.875 69.5 18.859466552734375
-5.125 71.5 20.49397087097168
-4 74 20.779218673706055
-48.625 -9.5 29.550544738769531
-49.0625 -12 30.169771194458008
-45.6875 -14.5 28.314834594726562
-47.5625 -16 29.583608627319336
-51.8125 -21 29.651275634765625
-51.1875 -24.5 29.689792633056641
-58.5 103.5 30.519323348999023
-59.0625 105.5 32.186126708984375
-58.9375 107.5 35.006511688232422
-60.9375 107 37.117988586425781
-62.6875 107.5 36.713829040527344
-63.6875 106.5 34.671504974365234
-5.375 138 38.750881195068359
-5.375 138 44.900871276855469
-6.6875 136.5 48.972770690917969
-7.375 137.5 51.200286865234375
-8.8125 137.5 51.200286865234375
12.5625 121.5 64.691429138183594
12.4375 121.5 57.392543792724609
10.375 122.5 53.363857269287109
8.3125 125.5 49.45703125
10.6875 126.5 44.561233520507813
8.8125 130.5 39.198921203613281
-45.0625 50.5 78.060012817382813
-45.75 51 78.48382568359375
-47.8125 53 79.755279541015625
-52.3125 54 81.437057495117188
-54.3125 52 84.260787963867188
-54.75 48 88.850013732910156
-107.4375 -0.5 66.357078552246094
-107.6875 0.5 66.098258972167969
-109.1875 6 64.545341491699219
-112.25 3.5 66.264556884765625
-112.25 3.5 66.278701782226563
-112.875 5 65.931404113769531
-112.875 5 68.981399536132813
-115.5 6.5 70.092338562011719
-153.6875 -8 -16.973028182983398
-153.6875 -8 -17.049633026123047
-153.0625 -3.5 -22.411943435668945
-152.875 -2.5 -23.944032669067383
-152.875 -2.5 -32.744033813476562
-151.75 -2 -33.861263275146484
-150.9375 2.5 -36.797016143798828
-152.1875 5 -39.473537445068359
-153.125 6 -41.465396881103516
-142.8125 -19.5 -5.5381317138671875
-138.5625 -17 -8.9795904159545898
-138.5625 -17 -8.9913730621337891
-138.3125 -20 -11.819149971008301
-138.375 -20 -11.901064872741699
-142.8125 -20 -18.290451049804687
-145.3125 -17.5 -19.319599151611328
-148.8125 -20 -21.305906295776367
-148.8125 -20 -21.361824035644531
-82.9375 -22.5 -14.401503562927246
-84.625 -26 -16.261024475097656
-84.625 -26 -9.5610342025756836
-85.875 -26 -9.5610342025756836
-88.5 -23.5 -7.811394214630127
-92.3125 -23.5 -6.5753264427185059
-92.375 -23.5 -2.975874662399292
-92.375 -20.5 -4.2120766639709473
-90.5 -17.5 -2.8439958095550537
-14.5625 -3.5 -4.1601691246032715
-11.375 -8.5 -3.1790568828582764
-11.0625 -8.5 -3.0922327041625977
-12.8125 -9.5 -4.4256854057312012
-15.6875 -8.5 -6.4604353904724121
-16.375 -6.5 -8.6786079406738281
-18.75 -3.5 -9.5925321578979492
-18.375 -1 -8.6464214324951172
-20.6875 0.5 -9.0452499389648437
-100.125 22 24.802637100219727
-102.5625 25.5 22.951087951660156
-102.0625 28.5 22.978134155273438
-104.5 29.5 19.951261520385742
-104.6875 29.5 14.008131980895996
-105 35.5 12.078507423400879
-111.3125 34.5 5.7984819412231445
-113.375 34 2.1146750450134277
-113.5 34 -5.3142361640930176
-175.9375 -57.5 14.052201271057129
-181.5 -63 11.984396934509277
-188.5625 -65.5 13.044723510742188
-191.6875 -61 16.889987945556641
-191.75 -61 16.876094818115234
-192.9375 -59.5 15.028303146362305
-194 -59 15.028303146362305
-120.0625 7 51.019554138183594
-117.0625 6.5 50.967197418212891
-117 6.5 70.967170715332031
-115.5 6.5 70.097343444824219
-115.5 6.5 49.092548370361328
-54.0625 55 81.400733947753906
-54 62.5 78.448768615722656
-56.25 63.5 78.273284912109375
-55.3125 65 77.429931640625
-56.25 66.5 75.211128234863281
-58.375 67 69.615287780761719
-58.4375 67 69.335494995117187
-60.375 63 69.801750183105469
-55.4375 -24.5 12.284727096557617
-55.625 -26.5 12.459038734436035
-58.0625 -25.5 12.232434272766113
-59.75 -27 11.815678596496582
-61.9375 -29 11.294734001159668
-62.0625 -29 11.260004043579102
-65.875 -28 11.609624862670898
-70.3125 -24.5 13.237356185913086
-54 10.5 -18.450946807861328
-54.0625 11 -18.519350051879883
-55.25 14 -19.819026947021484
-55.5 15.5 -18.139764785766602
-56.6875 18 -20.147283554077148
-58.1875 18 -20.356042861938477
-57 17 -20.116083145141602
-55.375 18.5 -21.202081680297852
-57 22.5 -22.239786148071289
-59.5625 25 -22.047735214233398
-69.4375 28.5 -22.037820816040039
-4.4375 52.5 -6.1076641082763672
-2.75 47.5 -7.5263581275939941
1.6875 43.5 -11.390666007995605
4.8125 43 -12.63786792755127
8.9375 44 -13.750789642333984
9.0625 44 -13.802553176879883
8.5625 45.5 -14.677553176879883
8.5625 49 -26.487916946411133
12.5 49.5 -32.221981048583984
11.25 53.5 -37.541053771972656
8.875 52 -40.988254547119141
8.8125 52 -50.788238525390625
1.8125 54.5 -50.526493072509766
-8.125 71 -51.256221771240234
-4.1875 65 -50.428966522216797
0.3125 64 -50.66522216796875
-2.8125 75.5 -50.429447174072266
-4.1875 83.5 -49.052577972412109
-4.5625 91 -48.908267974853516
-8.8125 91 -47.861503601074219
-14.1875 89.5 -32.796737670898437
-14.5625 92 -31.542098999023438
-16.5625 95.5 -27.985874176025391
-20 95 -25.978452682495117
-25.4375 98.5 -8.9364356994628906
-158.9375 -22 -13.369382858276367
-158.375 -21.5 -13.743989944458008
-155.5625 -17.5 -15.617022514343262
-152.75 -14 -17.490055084228516
-152.75 -14 -17.497547149658203
-152.75 -14 -17.480226516723633
-151.25 -12 -13.409908294677734
-151.25 -12 -13.340625762939453
-153.6875 -8 -16.96687126159668
-153.6875 -8 -16.932071685791016
-154.375 -12.5 -11.034175872802734
-60.3125 120.5 -9.7543191909790039
-60.4375 120.5 -9.4329252243041992
-62.625 112 -2.3622617721557617
-71.1875 107.5 9.4348230361938477
-71.1875 107.5 9.4424829483032227
-73.5 103 13.259584426879883
-70.5 103 18.45573616027832
-70.4375 103 21.755233764648438
-68.5 102 21.755233764648438
-67.0625 101 21.755233764648438
-67.0625 101 25.454669952392578
-47.875 10.5 -8.4464616775512695
-50.3125 10.5 -7.0464620590209961
-49.875 8 -2.3844985961914062
-49.5 7.5 -2.0937814712524414
-50.6875 9.5 -1.8846077919006348
-50.25 12 -2.8952052593231201
-51.1875 13.5 -3.808060884475708
-52.5 17.5 -6.7569541931152344
-53.9375 19.5 -9.3237524032592773
-53.9375 19.5 -9.4937257766723633
-59.1875 18 -21.148843765258789
-120.0625 6 -4.2579813003540039
-120.3125 9 -1.5604830980300903
-120.3125 9 -1.5469955205917358
-120.3125 9 -1.5870938301086426
-118.5625 16 -11.371085166931152
-116.8125 16 -10.069531440734863
-116.75 16 -10.041236877441406
-115 14.5 -9.5546369552612305
-115.5625 11.5 -9.6029329299926758
-118.125 2.5 -3.0626208782196045
-46.6875 1.5 21.121999740600586
-47.875 -0.5 23.13725471496582
-48.4375 -1 25.486486434936523
-46.6875 1.5 25.92237663269043
-44.6875 1 23.822893142700195
-42.8125 0 23.785646438598633
-40.4375 -1.5 22.27386474609375
-40.5625 -3.5 20.222776412963867
-42.625 -2.5 19.367727279663086
-1.4375 95 41.541549682617188
-2.75 96.5 41.900077819824219
-5.4375 94.5 38.862918853759766
-6.5 92.5 38.573413848876953
-5.75 92.5 34.294910430908203
-7.0625 92 34.367240905761719
-7 90 34.676158905029297
-7.0625 90 31.490608215332031
-9.6875 92.5 31.495208740234375
-9.6875 92.5 27.071390151977539
-12.1875 92 26.258867263793945
-12.8125 88.5 25.620967864990234
-12.8125 88.5 25.602005004882813
-62.6875 81.5 50.707405090332031
-65.0625 87 48.369731903076172
-65.125 89 47.058444976806641
-66.5625 86.5 47.579387664794922
-67.8125 84.5 48.013507843017578
-68.0625 84 48.100334167480469
-72.9375 82 45.691410064697266
-73.875 82 45.226528167724609
-73.875 82 37.026531219482422
-76.6875 81 37.026531219482422
-41.375 55.5 -36.183731079101563
-43 53 -36.02606201171875
-45.1875 50.5 -35.292247772216797
-45.4375 48 -35.310890197753906
-45.125 43 -32.359523773193359
-45.875 42.5 -24.723108291625977
-46.9375 44 -24.737699508666992
-46.9375 44 -24.638525009155273
-47.4375 43.5 -24.792949676513672
-50.125 40 -25.675371170043945
-48.4375 33.5 -24.824165344238281
-50.1875 30.5 -22.706838607788086
-51.625 28 -22.703243255615234
-54.8125 28 -23.75921630859375
-152.75 -14 -17.507547378540039
-152.75 -14 -29.207548141479492
-154 -14.5 -27.7933349609375
-150.125 -14 -25.611690521240234
-148.8125 -20 -21.3905029296875
-148.3125 -23 -23.398021697998047
-148.3125 -24 -18.473981857299805
-148.3125 -24 -17.587656021118164
-147.3125 -25 -16.302080154418945
-146.375 -26.5 -15.016505241394043
-117.1875 27 -9.371251106262207
-117.5 22.5 -10.510054588317871
-115.1875 21 -9.3305177688598633
-116.875 19 -10.49489688873291
-119.5625 15.5 -11.101941108703613
-119.625 15.5 -11.137298583984375
-121.8125 19 -13.695038795471191
-121.4375 24.5 -21.08216667175293
-123.125 26.5 -22.565656661987305
-122.3125 28 -23.53759765625
-127.625 30 -28.832065582275391
-124 35 -36.863842010498047
-119.8125 36.5 -43.212966918945313
-44.4375 -18 26.906208038330078
-46.5 -25.5 26.028289794921875
-50.625 -27.5 24.48980712890625
-50.9375 -25.5 24.214912414550781
-52.0625 -19.5 23.298595428466797
-51.75 -16 24.037986755371094
-50.4375 -13.5 23.706903457641602
-47.875 -13 23.309831619262695
-47.6875 -10 23.893562316894531
-43.4375 -6.5 23.038333892822266
-41.875 -15 26.932943344116211
-51.25 10.5 47.774387359619141
-53.75 10 43.444263458251953
-57.1875 9.5 37.382083892822266
-57.9375 7.5 39.181888580322266
-57.125 2 39.989093780517578
-56.0625 -1 39.989093780517578
-57.375 -3.5 39.031436920166016
-57.9375 -5 39.066375732421875
-58 -5 29.398490905761719
-58.75 -4 29.684057235717773
-5.75 148 52.862453460693359
-6.5 145.5 52.862453460693359
-5.8125 143.5 52.419651031494141
-7.625 140.5 52.132034301757813
-8.125 139 51.717926025390625
-8.3125 139 51.614398956298828
-10.3125 136.5 50.708530426025391
-12.125 139 49.133182525634766
-13.6875 141 47.739433288574219
-14.125 143.5 46.747573852539063
-14.75 146 47.368740081787109
-14.375 148 47.333835601806641
-14.3125 148.5 47.3233642578125
-12.25 13.5 -27.785440444946289
-15.0625 11.5 -29.696456909179688
-15.5 8.5 -30.77076530456543
-15.5625 8.5 -30.878194808959961
-17.75 6 -30.13209342956543
-17.4375 5 -30.071893692016602
-17.125 4 -29.849531173706055
-17.0625 0.5 -28.695121765136719
-17 0.5 -25.154869079589844
-16.6875 -1 -24.285060882568359
-18.6875 -2.5 -23.794012069702148
-20.0625 -3 -23.3883056640625
-22 -3.5 -23.364999771118164
-21.9375 -3 -13.551968574523926
-21.0625 0 -9.0656232833862305
-23.9375 5 -10.03504467010498
-31.875 33 -5.728123664855957
-32.625 37.5 -7.8412151336669922
-36 38.5 -13.989995002746582
-40 39.5 -16.857877731323242
-41.25 39 -18.38996696472168
-42.375 42 -21.334140777587891
-45.375 45 -24.374095916748047
-48.125 38 -31.012840270996094
-49.1875 39 -32.639186859130859
-50.5625 40 -34.477691650390625
-50.5625 42 -35.777690887451172
-51.75 43.5 -37.096916198730469
-53.25 46 -40.172832489013672
-51.75 45.5 -41.715911865234375
-52.4375 42.5 -40.677322387695312
-53.25 41 -39.912326812744141
-53.75 37 -35.564163208007813
-54.1875 34.5 -33.337200164794922
-50.125 34 -25.129070281982422
-115.875 49 -40.980499267578125
-115.75 49 -36.950424194335938
-112.625 48 -34.322341918945313
-112.5 48 -28.228082656860352
-110.8125 46.5 -28.262189865112305
-110.4375 46 -14.010015487670898
-109.8125 41 -8.317683219909668
-115.25 30 -4.4412641525268555
-121.1875 25.5 -6.0969877243041992
-121.1875 25.5 -6.1480140686035156
-120.9375 25.5 -11.709057807922363
-121.25 23 -11.752164840698242
-120.9375 23.5 -18.589687347412109
-53.6875 46 -40.873920440673828
-56.5 46 -45.255725860595703
-58.6875 46 -48.673530578613281
-58.75 46 -48.587963104248047
-53.875 48 -48.645320892333984
-55.4375 57 -48.656429290771484
-68.625 67.5 -48.679206848144531
-74.875 60.5 -48.693553924560547
-77.3125 56.5 -47.918968200683594
-77.375 56.5 -47.923274993896484
-85.5625 48.5 -48.553371429443359
-94.75 40.5 -48.359928131103516
-105.375 39.5 -48.281684875488281
-108.1875 45 -49.011196136474609
-108.9375 -4.5 -27.000102996826172
-105.3125 -5 -21.406646728515625
-105.1875 -5 -19.240913391113281
-98.1875 -9 -10.549537658691406
-96.9375 -11 -9.0171937942504883
-98.5 -12 -12.060595512390137
-98.5 -12.5 -12.008491516113281
-99.875 -12.5 -14.411177635192871
-103 -10 -18.006246566772461
-106.25 -9 -23.834571838378906
-106.8125 -5.5 -25.532806396484375
-112.6875 -6.5 -31.681915283203125
-121.0625 -7 -40.096485137939453
-125.4375 -8.5 -43.365871429443359
-127.375 -12 -48.605766296386719
4.3125 43 -3.0887451171875
5.625 46 2.3449923992156982
5.625 46 2.4298946857452393
10.9375 42.5 2.5900161266326904
8.125 59 7.7681717872619629
8.5625 62.5 6.9399538040161133
8.5625 62.5 6.9364261627197266
8.875 64 6.5836677551269531
9.25 66.5 6.1550660133361816
1.4375 70 10.060015678405762
1.9375 75.5 12.372492790222168
0 76.5 13.562493324279785
-3.5 77.5 15.752492904663086
-3.875 78 16.002492904663086
-72.875 68.5 24.495500564575195
-75 62.5 24.069604873657227
-69.8125 60.5 21.37165641784668
-69.75 52 19.129184722900391
-67.6875 44 16.026481628417969
-69.5625 42 14.429884910583496
-69.0625 45 5.6989150047302246
-74.25 39.5 14.372567176818848
-76.4375 41 15.300168037414551
-77.1875 35 19.555995941162109
-74.5625 34.5 24.587848663330078
-74.375 33 26.506797790527344
-74.375 33 26.514474868774414
-78.375 33.5 28.844646453857422
-77.625 31 30.177007675170898
-80.625 29.5 30.455905914306641
-80.625 21 35.555904388427734
-55.125 54 72.511482238769531
-55.125 54 72.508056640625
-57.5 55.5 71.516197204589844
-55.9375 60 72.332344055175781
-58.4375 68.5 69.358322143554688
-60.0625 71 64.615135192871094
-63.4375 75 58.458385467529297
-63.4375 75 58.450344085693359
-62.625 73 55.315013885498047
-65.5 73 47.290603637695313
-65.5 73 47.272113800048828
-65.5 73 47.273681640625
-59.25 79 48.607250213623047
-58.5625 82.5 48.122058868408203
-62.6875 81.5 50.710494995117187
-69.5 79 53.089923858642578
-68.25 76.5 55.699535369873047
-62.0625 78.5 61.227508544921875
-78.75 34 69.582901000976563
-78.8125 34 69.59063720703125
-77 34 69.603897094726563
-76.125 36 70.592857360839844
-72.125 39 67.958854675292969
-73.6875 43.5 67.339363098144531
-79.3125 44 70.391120910644531
-78.5625 47.5 72.561752319335937
-77.1875 49.5 73.014289855957031
-71.3125 52 67.190757751464844
-67.625 55 67.635009765625
-64.5 56.5 67.660057067871094
-63.875 57 70.19061279296875
-62.125 60.5 67.92449951171875
-60.375 63 69.79705810546875
-67.6875 62 65.853500366210938
-41.1875 167.5 -14.056999206542969
-38.375 167 -12.406999588012695
-36.9375 164 -10.961294174194336
-35.5625 162 -10.245043754577637
-29.75 162 -6.8950438499450684
-29.75 162.5 -2.9951925277709961
-26.625 166 -2.9951925277709961
-26.5625 166 -0.09530293196439743
-21.1875 160.5 2.9839632511138916
-17.1875 159.5 5.7799277305603027
-16.1875 154 7.8662505149841309
-12.8125 146.5 15.576958656311035
-15.75 150.5 15.922950744628906
-17.0625 147 20.030380249023437
-13.875 146.5 22.455696105957031
-11.6875 145.5 22.971317291259766
-10.375 144 22.710515975952148
-8.8125 145 22.783107757568359
-7.875 141.5 26.44395637512207
-5.6875 139 28.115276336669922
-2.75 140.5 31.420993804931641
-2.375 138.5 34.139289855957031
-3.9375 132 38.361198425292969
-0.625 132.5 40.427883148193359
-1.625 135 42.754264831542969
-13.5 144 16.27577018737793
-8.625 141.5 18.276588439941406
-5.625 139 16.647048950195313
-3 141 16.039279937744141
-2.25 142.5 16.039279937744141
-1.0625 141 16.332746505737305
0.3125 140 16.680042266845703
0.3125 140 22.480033874511719
2.3125 138.5 22.354427337646484
2.3125 138.5 22.401411056518555
2.875 136.5 28.368459701538086
2.875 134 30.843132019042969
2.875 134 30.880289077758789
-0.875 133.5 33.547420501708984
-0.9375 133.5 33.576099395751953
-1.75 136 33.155868530273438
-4.5625 135.5 35.984298706054687
-6.5625 136 37.978340148925781
-3.75 136 40.34063720703125
-3.125 133 43.225635528564453
-1.0625 131.5 46.497417449951172
2.8125 129.5 48.997417449951172
2.8125 129.5 49.002418518066406
-19.375 4.5 -30.14448356628418
-21.4375 5.5 -30.264053344726562
-21.5 5 -27.312528610229492
-19.8125 7 -26.341096878051758
-17.8125 7.5 -27.054449081420898
-17.25 8.5 -26.622701644897461
-16.4375 7 -24.955486297607422
-17.25 8 -24.808591842651367
-17.25 8 -23.689046859741211
-14.3125 12.5 -23.1539306640625
-12.1875 14.5 -22.839155197143555
-12.125 14.5 -22.828662872314453
-11.5 15 -22.734230041503906
-11.5 15 -27.252492904663086
-12.25 16 -23.775629043579102
-13.25 18 -23.276641845703125
-11.0625 19.5 -23.276641845703125
-13.125 23.5 -22.293218612670898
-12.125 26.5 -21.019557952880859
-11.5 33.5 -25.019557952880859
-50.4375 88 32.329807281494141
-53.75 93 41.650894165039063
-57.125 94.5 41.619049072265625
-57.6875 98.5 41.515300750732422
-57.5 98 46.391605377197266
-57.1875 101 46.325157165527344
-48.8125 103.5 35.79376220703125
-39.5 100 26.130144119262695
-41.0625 97.5 24.803520202636719
-42.875 94 24.174139022827148
-42.8125 93 23.188859939575195
-42.4375 89 19.719566345214844
-42.4375 89 19.729402542114258
-43.1875 89 26.113161087036133
-43.5625 89 26.423994064331055
-43.5625 89 26.458530426025391
-50.375 88 32.295269012451172
-50.4375 88 32.29583740234375
-56.5625 86 26.894567489624023
-61.125 85 22.818138122558594
-62.8125 84.5 21.323448181152344
-63.3125 84.5 21.569667816162109
-72.625 83.5 26.641777038574219
-69.125 77 34.476676940917969
-69.125 77 34.483673095703125
-68.125 34.5 62.285877227783203
-74.375 27 65.774482727050781
-79.125 26.5 62.985496520996094
-79.625 32 69.56585693359375
-82 31 70.012619018554688
-82.875 27 67.691490173339844
-87.125 24.5 66.060714721679688
-88.5625 24.5 67.735908508300781
-88.5625 23 67.728553771972656
-94.4375 22.5 73.559417724609375
-96.9375 20 80.147071838378906
-97.5625 18.5 79.861885070800781
-98.75 16 80.421012878417969
-95.5 17 77.572532653808594
-97.4375 13.5 78.198036193847656
-99.1875 10.5 78.798179626464844
-98.5 10.5 82.817054748535156
-100.8125 9.5 84.228965759277344
-99.75 7 83.258445739746094
-102.5625 4.5 84.849502563476563
-104.375 4.5 83.758277893066406
-102.75 3 81.765518188476563
-101.8125 3 81.160003662109375
-61.4375 100 50.20611572265625
-67.5 103.5 55.081512451171875
-67.5625 103.5 55.150978088378906
-68.5 105 58.594947814941406
-70.75 106 64.992515563964844
-71.875 104 66.542518615722656
-72.4375 102 66.907180786132813
-74.875 102.5 71.985916137695312
-80.25 102.5 76.409210205078125
-82.1875 95.5 76.806961059570313
-16.875 55 -51.146377563476563
-7.5 46.5 -50.915691375732422
-5 47.5 -50.867031097412109
0.5 50.5 -50.521907806396484
2.4375 54 -50.453422546386719
7.8125 66.5 -50.588275909423828
5.8125 62 -49.68853759765625
12.3125 59 -49.620586395263672
13.75 52.5 -49.786357879638672
6.875 49 -49.551731109619141
2.75 56.5 -49.598823547363281
2.625 56.5 -44.399765014648438
1.375 57 -44.400226593017578
3.5625 58.5 -41.071746826171875
-0.5625 62 -34.446094512939453
-1.6875 62 -34.446487426757812
-1.875 62 -30.447818756103516
-4.375 56 -20.103837966918945
-3.125 57 -16.837600708007812
-5.125 58.5 -15.388123512268066
-4.8125 59.5 -12.236312866210937
-4.0625 58.5 -12.236739158630371
-5.375 59.5 -9.5001621246337891
-7.9375 60.5 -9.1109838485717773
-11.4375 65.5 -8.5960702896118164
-13.375 65.5 -8.7509088516235352
-16.5625 69.5 -13.66102409362793
-16.375 70.5 -13.633286476135254
-18.8125 71 -12.156754493713379
-18.8125 71 -10.044864654541016
-18.8125 70 -10.036825180053711
-14 33 35.239490509033203
-14.0625 33 35.168781280517578
-15.5 33.5 33.754566192626953
-17.5 34.5 33.337810516357422
-18.9375 32 33.741413116455078
-18.1875 29 33.220470428466797
-17.8125 28 32.959995269775391
-2.8125 18.5 11.884016990661621
-18.625 16 25.337604522705078
-33.8125 15.5 38.150543212890625
-48.4375 17.5 51.032733917236328
-58.5625 20.5 51.010044097900391
-53.1875 27.5 55.832439422607422
-56.25 28.5 56.999809265136719
-58 30.5 56.018390655517578
-60.0625 31 55.009609222412109
-62.125 35.5 52.902599334716797
-63.1875 37 52.720878601074219
-61.6875 40 52.869968414306641
-61.6875 42 52.852996826171875
-64.8125 43 52.059310913085938
-65.1875 47 50.162452697753906
-67.375 55 45.717445373535156
-71.0625 62 44.521408081054688
-67.0625 66 44.958023071289063
-65.5 73 47.268817901611328
-65.625 72 46.80743408203125
-66.4375 72.5 45.924976348876953
-68.4375 76 42.173885345458984
-68.625 76 34.471088409423828
-69.125 77 34.475063323974609
-75.125 77 26.466609954833984
-12.3125 83 19.785558700561523
-13.1875 85.5 17.536687850952148
-15.125 86.5 16.2125244140625
-14.5625 88 15.983305931091309
-10.75 87 13.827031135559082
-10.6875 85.5 13.796932220458984
-12.875 86 10.747112274169922
-14.0625 85 9.7776041030883789
-15.625 86 9.590764045715332
-17.6875 86 5.6716017723083496
-18.6875 84.5 5.1346030235290527
-21.75 87 2.8107812404632568
-23.5625 86 -0.45904582738876343
-26.6875 83.5 -1.6793199777603149
-25.9375 82 -1.3996007442474365
-26 82 -6.0933561325073242
0 0 -1.1069299990507098e-011
-5 -0.5 -1.2397264242172241
-5 -0.5 -1.2485719919204712
-4.8125 4 -0.53295004367828369
-4.75 5.5 -0.23477421700954437
-4.75 9 -1.7253551483154297
-6.4375 10.5 -2.5367681980133057
-5.875 12.5 -2.1193220615386963
-10.8125 12.5 -1.4669487476348877
-12.6875 15.5 -2.0861344337463379
-14.0625 17.5 -2.0502326488494873
-22.5625 27.5 -10.016799926757812
-19.1875 29 -10.29632568359375
-21.0625 33 -1.7789698839187622
-21.0625 33 -1.6033543348312378
-22.875 38 -2.9067137241363525
-23.0625 41 -3.5138773918151855
-24.0625 40.5 -3.5061259269714355
-24.25 39.5 -9.0044441223144531
-23.6875 38 -10.781872749328613
-23.3125 38 -15.103775024414063
-23 38 -19.425676345825195
-21.3125 38.5 -19.871761322021484
-22 40 -21.221614837646484
-22 40 -26.021615982055664
-26.875 39.5 -26.881174087524414
-25.75 35.5 -31.123813629150391
-29.0625 36 -32.355087280273437
-5 78 -51.125331878662109
-15.625 78 -50.612205505371094
-18.625 76 -52.198390960693359
-18.5625 63 -51.373046875
-21.5625 40.5 -51.188884735107422
-25.1875 33 -49.993919372558594
-33.5625 25 -49.402870178222656
-23.875 17.5 -51.072624206542969
-14.5 23 -51.010913848876953
-12.3125 29 -47.497047424316406
-9.0625 32.5 -45.672077178955078
-6.125 29.5 -45.954399108886719
-1 33 -50.214275360107422
2.4375 33.5 -50.017318725585938
6.625 29 -50.427967071533203
14.5625 34 -47.161407470703125
17.3125 41.5 -44.439273834228516
9.5 50 -49.75189208984375
5.25 47.5 -49.717422485351563
1 45 -49.682956695556641
-3.3125 42.5 -49.648487091064453
-7.5625 40 -49.614021301269531
-11.8125 37.5 -49.579551696777344
-16.0625 35 -49.545085906982422
-20.3125 32.5 -49.510616302490234
-24.5625 30 -49.476150512695312
-28.8125 28 -49.441680908203125
-44.0625 34.5 -48.583171844482422
-50.75 40.5 -48.382766723632812
-52.6875 48.5 -48.677833557128906
-52.6875 48.5 -44.577892303466797
-51.875 49.5 -44.607337951660156
-49.375 51 -40.894912719726563
-48.25 50.5 -39.596168518066406
-45.1875 50.5 -39.392658233642578
-21.3125 91 13.052924156188965
-22 90 14.936973571777344
-22 88 15.046878814697266
-23.875 88 15.380283355712891
-22.8125 90 16.177190780639648
-25.5625 91.5 19.40159797668457
-27 90 21.494634628295898
-28.1875 91 22.88763427734375
-28.1875 88.5 25.397863388061523
-31.625 89 28.290407180786133
-33 86.5 29.60474967956543
-33 86.5 30.604597091674805
-33.9375 83 31.238412857055664
-32.5 83 29.484172821044922
-32.625 82 28.850244522094727
-33.5625 79.5 28.850244522094727
-35.0625 80 27.365320205688477
-37.75 81 24.897016525268555
-37.75 82 26.813989639282227
-38.0625 82.5 22.805820465087891
-38.25 85 23.028940200805664
-40.375 84 19.719566345214844
-41.5 86.5 19.719566345214844
-26.1875 -37.5 -22.021993637084961
-24.125 -36 -23.289848327636719
-20.8125 -38 -24.657928466796875
-23.25 -36.5 -23.631868362426758
-24.125 -36 -23.246547698974609
-24.4375 -32 -16.75135612487793
-134.8125 -35 4.591827392578125
-135.5 -38 1.0506075620651245
-137.125 -39 0.0028609419241547585
-132.6875 -39.5 0.97991782426834106
-135.1875 -39 0.74057173728942871
-139.0625 -38 -1.2471390962600708
17.0625 127.5 47.210922241210938
17 127.5 44.211380004882813
13 127.5 39.715354919433594
15.9375 123 46.017429351806641
13.125 122.5 48.845855712890625
-140.9375 -28.5 1.8644134998321533
-141.3125 -32 1.4745223522186279
-139.875 -37.5 7.1313767433166504
-139.8125 -37.5 7.3435087203979492
-144.9375 -35.5 3.9314842224121094
-145 -35.5 3.9028139114379883
-144.9375 -35.5 3.9239535331726074
-143.875 -39.5 5.9322032928466797
-144.625 -41 5.8069496154785156
-138.75 -39.5 7.1169166564941406
-138.8125 -39.5 7.1277070045471191
-138.0625 -37 6.7369704246520996
-133.25 -31 6.35247802734375
-129.625 -34.5 6.7969722747802734
-130.5625 -37.5 -0.72056847810745239
-4.125 132 37.208362579345703
-3.625 132 37.121540069580078
-1.125 133.5 35.102550506591797
7.3125 133.5 37.065216064453125
8.8125 131 39.193187713623047
11.9375 130 40.678085327148438
13 127.5 42.114986419677734
7.5 129.5 34.733749389648438
6.8125 130 34.090961456298828
-113.5625 1.5 68.4000244140625
-113.5625 1.5 83
-114.6875 -1.5 83
-108.25 -9.5 80.783927917480469
-100.4375 -10.5 75.840003967285156
-100.75 -8.5 67.370651245117187
-108.625 -12 61.555046081542969
-104.9375 -13.5 61.698135375976563
-111.875 70 -50.533424377441406
-111.625 68.5 -49.473587036132812
-111.125 64.5 -47.141941070556641
-109.3125 62 -46.013275146484375
-114 57.5 -44.494857788085938
-116.1875 52.5 -41.394855499267578
-117.625 47.5 -40.659271240234375
-120.1875 42 -36.761650085449219
-119.3125 41.5 -37.760307312011719
-119.8125 36.5 -43.219978332519531
-114.375 42 -44.284297943115234
-113 43.5 -44.550727844238281
-111.5625 44 -49.032646179199219
-109.625 53 -49.011196136474609
-24 -25.5 -12.093402862548828
-22.8125 -22 -18.155580520629883
-19.625 -20.5 -22.52203369140625
-16.3125 -22 -23.505546569824219
-14.6875 -22.5 -23.971420288085938
-14.1875 -24.5 -23.624124526977539
-14.4375 -23.5 -23.797771453857422
-12.3125 -23 -24.952890396118164
-12.3125 -23 -24.937200546264648
-12.9375 -18 -24.518854141235352
-11.125 -14.5 -23.817316055297852
-14 -13 -23.817316055297852
-19 -9 -0.88664478063583374
-18.0625 -11 -0.86198240518569946
-15.875 -14.5 -1.66058349609375
-17.4375 -17.5 -1.6075029373168945
-16.4375 -20.5 -3.3599975109100342
-18.8125 -15 -1.4321811199188232
-20.5 -11.5 -1.2173830270767212
-21.8125 -6.5 -1.2315664291381836
-25.3125 -8 -1.8327300548553467
-24.6875 -4.5 -0.84972476959228516
-26.125 -4.5 1.7479510307312012
-28.0625 -1.5 1.9990743398666382
-28.4375 0.5 1.4555543661117554
-29.3125 3.5 1.4555543661117554
-90.5 9.5 9.4071483612060547
-94.6875 13.5 3.1647322177886963
-92.8125 11.5 1.3063446283340454
-95.6875 10 -0.58365535736083984
-96.25 8 -1.6258822679519653
-98.375 7.5 0.4954380989074707
-96.3125 8 -1.5551716089248657
-96.8125 7 -3.0885896682739258
-100.625 2.5 -5.1441307067871094
-100.625 2.5 -7.4437804222106934
-100.625 2.5 -7.5137696266174316
-99.625 -3 -8.5702962875366211
-98.625 -5 -8.6048364639282227
-96.9375 -11 -9.0156917572021484
-96.0625 -14 -8.7331972122192383
-93.75 -16 -5.4153637886047363
-92.5625 -19.5 0.50695663690567017
-93.75 -23 4.1412644386291504
-93.75 -23 4.2098360061645508
-93.0625 -21 4.5286703109741211
-93.8125 -19.5 4.7837376594543457
-96.625 -18 6.9260306358337402
-95.0625 -16.5 6.8961453437805176
-95.5 -10.5 3.8410804271697998
-97.125 -7 1.9763591289520264
-100.25 -5 -0.40535199642181396
-100.3125 -5 -0.45827889442443848
-31.75 98.5 1.7897628545761108
-33.9375 102.5 2.5711948871612549
-34.25 103 17.692375183105469
-39.375 100.5 25.964698791503906
-46 96 27.130027770996094
-47.4375 94 28.336000442504883
-49.3125 96.5 30.189338684082031
-54.4375 95 33.902782440185547
-55.5625 97.5 31.532831192016602
-55.3125 102 30.765010833740234
-58.625 104 29.706043243408203
-59.0625 104.5 29.660064697265625
-64 105.5 34.677047729492188
-65.5625 104.5 32.497322082519531
-65.125 104.5 28.019508361816406
-67.125 104 26.533843994140625
-70.0625 99 25.457040786743164
-70.1875 90.5 31.486604690551758
-73.3125 91 27.659719467163086
-70.125 87.5 26.777519226074219
-72.75 84.5 24.58045768737793
-78.375 83 24.893178939819336
-81 80.5 26.781045913696289
-82.9375 78.5 26.782981872558594
-86.125 75.5 21.271579742431641
-87.6875 71.5 22.882213592529297
-90.9375 65.5 20.390338897705078
-91.8125 63 15.544336318969727
-92.625 60.5 17.732084274291992
-91.9375 58.5 15.741512298583984
-95.25 53.5 14.703629493713379
-92 49.5 15.661012649536133
-92 49.5 18.662559509277344
-91.875 49 18.767148971557617
-90 39.5 20.510307312011719
-88.3125 31 22.07914924621582
-103.5 30.5 23.360538482666016
-102.1875 32 22.680700302124023
-100.4375 32.5 22.030862808227539
-98.875 33 22.030862808227539
-99.1875 28.5 23.638357162475586
-98.75 36 21.336269378662109
-97.1875 34 22.135618209838867
-96.5625 30.5 22.760751724243164
-93.1875 29.5 24.242366790771484
-91.9375 32 24.242366790771484
-94 33.5 17.664518356323242
-62.125 3.5 25.616161346435547
-61.5 5 25.268865585327148
-55.75 6 24.454702377319336
-57.5 8 25.816169738769531
-57.3125 10 25.633142471313477
-58.9375 10.5 25.872520446777344
-61.375 19 22.9888916015625
-60.75 14 23.891860961914063
-58.5625 11.5 23.891860961914063
-58.4375 7 22.501285552978516
-61.8125 13 21.045904159545898
-0.5 16 -38.200283050537109
-2.375 13.5 -36.522201538085937
-6.125 12.5 -34.953029632568359
-5.0625 7.5 -33.149387359619141
-6.875 5 -32.617511749267578
-7.6875 5 -32.292591094970703
-9.125 5.5 -31.442590713500977
-5 7.5 -29.246946334838867
-4.6875 10.5 -28.761320114135742
-4.625 11 -28.635416030883789
-7.1875 11.5 -26.999038696289063
-10.375 13 -26.855995178222656
-12.25 13.5 -27.797536849975586
-15.75 13 -28.668455123901367
-19.75 13 -26.151338577270508
-21.625 15 -23.837303161621094
-24.5 -11.5 -14.884030342102051
-27 -10.5 -15.119350433349609
-30.625 -8.5 -12.889360427856445
-32.8125 -11 -10.812076568603516
-32.8125 -11 -7.5120768547058105
-35.375 -11.5 -7.0432267189025879
-37.4375 -15.5 -4.9301357269287109
-37.6875 -16 -4.7188262939453125
-40.625 -14.5 -4.1525840759277344
-37.4375 -16 -2.252042293548584
-37.3125 -15.5 -2.2570509910583496
-36.9375 -15.5 -2.2646415233612061
-38.75 -14 -2.2658178806304932
-40.8125 -12 -1.4649978876113892
-42.5625 -10.5 -2.3041479587554932
-45.875 -7.5 -2.4634010791778564
-49.5625 -7.5 -2.6667811870574951
-53.625 -3.5 -3.6767830848693848
-56.1875 1.5 -3.6795077323913574
-123.125 4.5 -1.1690956354141235
-124.0625 2 -1.4821921586990356
-125.125 -0.5 -1.8565304279327393
-127.25 -2.5 -3.2569746971130371
-128.9375 -7 -8.5400629043579102
-134.125 -6.5 -9.9054698944091797
-138.375 -14.5 -10.15164852142334
-136.5 -24 -7.1614789962768555
-134 -28 -2.818511962890625
-134.0625 -30.5 -1.0402568578720093
-132.8125 -32.5 0.51359009742736816
-133.5 -35.5 1.5008625984191895
-133.125 -37.5 2.5594494342803955
-132.6875 -39.5 1.0363297462463379
-126.6875 -38.5 1.2370659112930298
-117.3125 -36.5 0.98382079601287842
-109.625 -35 1.178722620010376
-119.625 -20 -1.2034217119216919
-121.8125 -19.5 -2.7416543960571289
-122.1875 -22.5 -3.1439173221588135
-122.4375 -27.5 -3.1758687496185303
-120.875 -28.5 -5.4441800117492676
-120.8125 -28.5 -5.5161895751953125
-121.0625 -28.5 -4.9974861145019531
-121.375 -31 -5.4570980072021484
-120.25 -35 -4.3182945251464844
-121.5625 -31 -3.1844015121459961
-122.1875 -33 -2.652336597442627
-124.5625 -31.5 -1.5295373201370239
-125.75 -29.5 -1.5740680694580078
-118.9375 -27.5 -3.3066706657409668
-117.5625 -30 -0.62673789262771606
-116.1875 -29 1.147080659866333
-117.875 -24.5 -0.011944146826863289
-119.5625 -20 -1.1709690093994141
-119.625 -20 -1.2006713151931763
-117.6875 -18.5 -0.89813011884689331
13.25 19.5 -43.786300659179688
13.25 17.5 -43.960609436035156
12.6875 16 -49.486003875732422
13 17.5 -49.798568725585938
12.4375 24 -50.428817749023438
12.125 25.5 -50.468177795410156
9.625 24.5 -50.506679534912109
8.5625 26 -49.843799591064453
6.625 28 -50.299991607666016
6.625 27 -50.172016143798828
6.625 26 -50.044040679931641
6.5625 25 -49.916065216064453
3.125 28.5 -50.33441162109375
1.25 25.5 -50.957809448242187
-1 25 -50.626579284667969
-1.5625 21 -49.767902374267578
-5.75 18 -50.670871734619141
-11.875 96.5 52.209800720214844
-12.125 96 50.631118774414063
-12.625 97 50.237712860107422
-12.375 98 48.765472412109375
-11.5 97.5 48.225471496582031
-11.4375 97.5 46.435741424560547
-9.3125 98 44.468498229980469
-8.9375 96.5 43.828922271728516
-6.9375 97 41.758838653564453
-6 99 39.602165222167969
-5.4375 98.5 40.664451599121094
-6.4375 97 42.599029541015625
-4.25 95 45.814773559570313
-3.1875 95 45.971595764160156
-1.5 95 41.616004943847656
1.3125 91.5 43.888908386230469
2.125 90.5 44.452274322509766
2.125 90.5 44.952198028564453
5.125 86.5 46.336879730224609
7.6875 87 51.495624542236328
9.0625 87.5 50.081409454345703
9.5625 84.5 48.878921508789063
9.5625 84.5 48.337276458740234
7.75 81 50.234958648681641
4.3125 80 54.158763885498047
2.75 81 55.808330535888672
0.625 82 55.174224853515625
0.625 82 55.184223175048828
0.625 82 55.194225311279297
2.75 82 57.315544128417969
1.625 84 57.123802185058594
-6.875 98.5 39.601020812988281
-8.6875 101.5 35.967704772949219
-10.125 103 34.377201080322266
-10.9375 103 34.068355560302734
-15.375 104 30.521736145019531
-17.75 104.5 30.518903732299805
-17.9375 102.5 29.281530380249023
-21.0625 101.5 28.070169448852539
-25.75 106 21.582611083984375
-25.75 106 21.562021255493164
-27.6875 105 20.738431930541992
-27.6875 105 21.287721633911133
-29.4375 104.5 21.285665512084961
-29.4375 101.5 14.381878852844238
-30.25 100 12.696494102478027
-32 96.5 15.535696983337402
-33.9375 97 13.485087394714355
-34 97 18.884881973266602
-35.9375 97 19.232177734375
-37.875 96 24.870334625244141
-39.75 96.5 25.217630386352539
-43.5 98 24.132654190063477
-43.5 98 31.537399291992187
-43.5 99 31.538192749023438
-44.5 100 34.395561218261719
-46.4375 100.5 42.455600738525391
-44.75 103 42.457981109619141
-44.5625 103 42.458221435546875
-43.4375 103.5 41.257488250732422
-39.375 102.5 35.656497955322266
-37 102.5 31.494733810424805
-32.5625 103.5 26.752328872680664
-30.5625 103.5 25.178266525268555
-31.25 105 25.179376602172852
-39.0625 7 15.918562889099121
-39.375 7 13.948947906494141
-41.125 7 11.84998607635498
-43.25 7.5 9.6272258758544922
-44.875 7.5 8.2130928039550781
-44.1875 6 7.1049027442932129
-43.875 4.5 4.6474466323852539
-48.625 4.5 2.0019786357879639
-48.8125 6.5 -4.6246132850646973
-47.375 7.5 -7.4824972152709961
-48.125 8 -7.4824972152709961
-47.25 8.5 -7.913294792175293
-47.5 13 -9.695256233215332
-49.5625 15 -14.783544540405273
-49.5625 15 -19.532821655273438
-53.25 22 -14.669597625732422
-53.125 24.5 -13.630861282348633
-53.5 26.5 -15.475943565368652
-53.1875 27.5 -16.91547966003418
-55.6875 27 -20.400575637817383
-55.5 25.5 -21.873311996459961
-56.125 25 -22.001222610473633
-56.4375 27 -23.74871826171875
-56.3125 28.5 -24.503585815429688
-56.625 24.5 -23.598224639892578
-59 23.5 -22.552223205566406
-59.875 22.5 -22.334896087646484
-60 22 -21.009113311767578
-61.0625 19.5 -21.107442855834961
-60.125 17.5 -18.376144409179688
-62.25 17.5 -16.254823684692383
-62.6875 15 -13.190645217895508
-46.5625 41 52.573192596435547
-46.9375 40 52.746841430664063
-50.25 39 53.371974945068359
-52.375 33 52.295356750488281
-50.3125 30.5 55.486240386962891
-52.3125 33 52.302433013916016
-51.4375 28 52.170001983642578
-52.4375 29.5 52.171173095703125
-58.5 20.5 51.020503997802734
-58.5625 20.5 51.011951446533203
-68.4375 22.5 52.975986480712891
-86.4375 17.5 65.165687561035156
-86.875 17.5 65.452476501464844
-22.6875 -6 2.9374313354492187
-21.4375 -8.5 1.2122206687927246
-23.5625 -7.5 0.070986457169055939
-23.5625 -7.5 -2.7291803359985352
-28.5625 -10.5 -2.3340277671813965
-30.75 -12.5 -2.2206318378448486
-32 -14.5 -1.732438325881958
-34.4375 -12 -1.6071951389312744
-36.3125 -11 -1.6315873861312866
-38.6875 -12.5 -1.6658527851104736
-43.3125 -10 -1.6988430023193359
-43.625 -14.5 -2.9463508129119873
-44.8125 -17 -2.057098388671875
-81.0625 4 25.292469024658203
-77.5625 10.5 26.446695327758789
-76.5625 12 26.511966705322266
-79.75 12.5 26.9254150390625
-77.3125 14 27.751640319824219
-76.5625 15 27.670209884643555
-75.75 17 26.997541427612305
-75.25 19.5 27.168327331542969
-77 22.5 27.417390823364258
-80 22.5 27.529802322387695
-79.625 23.5 28.242259979248047
-79.625 27 28.434440612792969
-77.3125 29 32.174175262451172
-82.1875 30.5 25.081743240356445
-82.5 30.5 22.147953033447266
-87.0625 22.5 23.873983383178711
-92.0625 22 25.219841003417969
-96.5625 18.5 27.271963119506836
-95.5 15 27.914461135864258
-96.8125 13 28.889217376708984
-96.875 12.5 28.906318664550781
-45.25 -8.5 22.994979858398438
-45.375 -8.5 28.304115295410156
-45.5625 -7.5 27.130258560180664
-52.1875 -7 29.555864334106445
-55.6875 -5 28.659299850463867
-58.625 -0.5 27.301280975341797
-59.4375 4.5 25.591178894042969
-56.875 4.5 24.407848358154297
-56.875 2.5 24.677581787109375
-52.25 2 23.463676452636719
-47.4375 -4 27.119108200073242
-43.8125 -6 26.417098999023438
-45.75 -6.5 28.701681137084961
-50.125 -7 32.378135681152344
-50.625 -5 34.523193359375
-47.8125 -9.5 38.971076965332031
-50.5 -11 41.379497528076172
-55.875 -9.5 45.304546356201172
-55.5625 -8.5 44.399486541748047
-56 -7 41.794139862060547
-56.6875 -5.5 41.059101104736328
-81.75 10.5 25.113071441650391
-86.0625 13.5 25.583713531494141
-86.75 18.5 25.845392227172852
-81.0625 4 25.194395065307617
-81.1875 3 25.49299430847168
-81.875 -2 26.495630264282227
-81.9375 -7 25.504661560058594
-81.9375 -11.5 24.612789154052734
-81.9375 -15.5 23.820014953613281
-71.875 -10 25.976036071777344
-68.625 -5 23.756481170654297
-67.5625 -9 24.086536407470703
-65.625 -12 24.731912612915039
-63.8125 -14.5 23.068447113037109
-63.5 -13 23.647527694702148
-61.625 -13 24.366884231567383
-60.5625 -11.5 25.11823844909668
-55.9375 -6 23.979511260986328
-55.125 -5 22.482738494873047
-56.3125 -4 20.873708724975586
-54.9375 -1 22.132583618164063
-53.6875 1.5 18.615167617797852
-53.375 5 21.39277458190918
-57.5625 4.5 22.049800872802734
-60.4375 10 22.621997833251953
-55.5 8 24.460855484008789
-54.875 7.5 22.993593215942383
-54.5625 9.5 23.000040054321289
-53.125 11.5 22.57666015625
-51.875 12.5 22.58149528503418
-50.5 11 22.959371566772461
-49.4375 9.5 22.964500427246094
-45.3125 10 22.676233291625977
-38.75 9.5 22.277170181274414
-35.6875 6 22.477331161499023
-37.4375 3 21.623916625976563
-42.375 -1.5 22.255285263061523
-40.4375 -1.5 22.319828033447266
-45.375 -1.5 28.141765594482422
-44.5625 2.5 28.92839241027832
-42 3 32.084495544433594
-42 3 32.129810333251953
-42 3 32.175125122070312
-44.125 3.5 36.842609405517578
-61.3125 11.5 -2.9595363140106201
-60 9.5 -2.8412570953369141
-58.6875 10.5 -2.4813354015350342
-56.75 8 -2.4813354015350342
-53.625 6.5 -1.8687554597854614
-55.5 9 -2.8464045524597168
-58.625 13 -4.4708151817321777
-58.8125 14 -4.0053462982177734
-64.75 17.5 -14.621057510375977
-67.4375 24 -17.085868835449219
-78.0625 27 -22.037820816040039
-84.875 28 -21.904399871826172
-85.375 28 -23.904094696044922
-86.5625 31.5 -22.146991729736328
-84.625 31 -20.096382141113281
-84.625 31 -18.096382141113281
-84 30 -17.805305480957031
-81.75 28.5 -16.305305480957031
-81.0625 26.5 -16.305305480957031
-77.1875 26 -18.555305480957031
-76.75 26 -18.805305480957031
-74.8125 22 -19.630475997924805
-73.6875 19 -18.491548538208008
-71.3125 14 -11.498720169067383
-76.1875 13.5 -8.5630025863647461
-77.1875 10.5 -4.9625940322875977
-76.0625 11.5 -4.9026012420654297
-74.5 10.5 -4.9583015441894531
-76 8.5 -4.7404117584228516
-77.4375 8 -4.6096782684326172
-78.8125 8.5 -6.0946025848388672
-13.1875 61 40.439804077148437
-13.125 61 40.452743530273438
-10.8125 65.5 37.727745056152344
-10.875 68.5 35.220874786376953
-6.8125 69.5 31.717679977416992
-4.8125 69.5 31.717679977416992
-4 74 27.609218597412109
-4.0625 74 20.805324554443359
-6.4375 74.5 22.293298721313477
-9.25 76 23.246532440185547
-10.25 73.5 22.168855667114258
-11.9375 73.5 22.168855667114258
-9.3125 76 23.272192001342773
-10.0625 76.5 22.436775207519531
-9.625 77.5 21.872434616088867
-9.25 78.5 21.308094024658203
-10.4375 80.5 21.257081985473633
-11.6875 81 20.350469589233398
-12.3125 83 19.81263542175293
-10.8125 84 23.639656066894531
-10.9375 85 23.653400421142578
-10.3125 87.5 25.326749801635742
-9.875 86 27.217342376708984
-12.375 87.5 25.605230331420898
-13 88.5 20.559892654418945
-14 91 19.693897247314453
-14.3125 94 21.00407600402832
-16.125 97 16.967330932617188
-17.625 97.5 15.877023696899414
-18.5625 98.5 14.226641654968262
-18.1875 100 13.059470176696777
-18.1875 100 8.208160400390625
-18.1875 99 8.2079439163208008
-23.3125 100 2.4093070030212402
-23.5625 98.5 2.4089558124542236
-31.625 98.5 1.6153531074523926
-32.125 96.5 -1.1385709047317505
-33.1875 94.5 -1.2254031896591187
-33.1875 94.5 0.26751381158828735
-34.1875 92.5 0.22346958518028259
-34.875 88.5 0.96741485595703125
-34.8125 88.5 -1.1418616771697998
-36 90 -1.1826025247573853
-35.9375 89.5 -3.6936459541320801
-34.4375 88 -3.7442967891693115
-30.875 89.5 -5.5812053680419922
-26.875 76.5 -9.3963556289672852
-14.625 75.5 -9.8042526245117187
-8 72.5 -8.5384798049926758
-8 68.5 -7.8029632568359375
-11.125 65 -8.5860986709594727
-11.1875 65 -6.1892337799072266
-8.75 62 1.0338873863220215
-8.625 63 2.468646764755249
-6.5625 64.5 5.8399519920349121
-6.0625 63.5 8.1320772171020508
-6.5625 62.5 8.1436729431152344
-5.1875 60 8.9786930084228516
-6.8125 57 10.494753837585449
-6.8125 57 12.546154975891113
-7.5 55.5 12.56175708770752
-8 55 11.263623237609863
-6.4375 54 10.623870849609375
-7.75 52 9.8941860198974609
-10.4375 52.5 10.528481483459473
-14.875 52 4.9391999244689941
-16.6875 49 4.887934684753418
-15.75 42 7.6339597702026367
-15 39.5 9.3231878280639648
-18.3125 37 6.9243183135986328
-17.6875 37 7.1978302001953125
-17.25 37 7.3931961059570313
-16.8125 36.5 7.5885615348815918
-15.6875 36.5 8.057438850402832
-15.1875 36.5 6.0487937927246094
-13.5625 37.5 6.0331463813781738
-12.6875 35.5 8.8586044311523437
-10.875 37 12.73686408996582
-10.875 35 12.757794380187988
-12.4375 34.5 13.410653114318848
-11.125 33.5 15.345297813415527
-11.5 31 14.972517967224121
-10.875 30 14.983832359313965
-10.875 30 14.934927940368652
-12.125 29.5 6.816777229309082
-16.875 27.5 0.74216049909591675
-17.1875 27.5 0.36249697208404541
-17.1875 27.5 -10.56361198425293
-19.25 29 -10.314455032348633
-17.1875 27.5 -12.789445877075195
-15 29.5 -19.558023452758789
-9.75 31.5 -20.885372161865234
-9.75 31.5 -26.585504531860352
-9.5625 32 -26.568078994750977
-4.75 36 -27.284109115600586
-4.6875 36 -6.8843173980712891
-4.6875 36 -6.8161187171936035
-6.375 38 -4.0881600379943848
-7.0625 41.5 -3.5151495933532715
-6.9375 45.5 -3.2979912757873535
-43.875 24.5 39.737461090087891
-44.6875 24 39.685127258300781
-47.125 22.5 39.528118133544922
-49.625 20.5 39.371109008789063
-49.75 20.5 39.357158660888672
-51.9375 20.5 38.570514678955078
-54.3125 19 36.256477355957031
-54.9375 16 35.640026092529297
-57 16.5 35.640026092529297
-58 15 35.640026092529297
-59.5 18 33.890026092529297
-60.5625 22 33.890026092529297
-61.5625 20.5 33.890026092529297
-62.8125 19.5 36.017654418945313
-65.0625 17.5 36.017654418945313
-65.9375 19 35.333614349365234
-68.0625 20.5 35.481781005859375
-69.4375 24.5 35.267204284667969
-72.125 23 35.267204284667969
-72.125 23 36.06719970703125
-75.25 25.5 30.321866989135742
-76.375 24.5 28.836944580078125
-82.125 17 28.983905792236328
-84.625 15.5 23.54035758972168
-96.625 28.5 22.312297821044922
-99.125 27.5 21.458503723144531
-102.0625 28.5 22.403751373291016
-106.5625 28 26.378360748291016
-106.375 26 27.082780838012695
-105.625 24 27.034755706787109
-103.125 22.5 27.243801116943359
-97.375 20.5 26.469261169433594
-103.75 16.5 27.284584045410156
-13.5625 -27 -23.190004348754883
-11.75 -28.5 -24.457736968994141
0.8125 -27.5 -19.875461578369141
9.9375 -15 -12.607448577880859
8.8125 -3.5 -6.2082085609436035
4.25 10 4.3720874786376953
7.5625 24 5.1635284423828125
9.0625 30.5 3.5810813903808594
10.25 42 3.173783540725708
11 42 2.3146736621856689
26.1875 33.5 -7.6854329109191895
34.5 36.5 -11.827143669128418
49.875 34.5 -24.413658142089844
53.5625 53 -23.740200042724609
57 73 -23.740306854248047
61.5 92.5 -23.740413665771484
62.6875 102 -23.073593139648438
67.6875 122 -23.073701858520508
62.6875 129 -18.02375602722168
50.1875 134 -5.5432839393615723
40.4375 136.5 4.181859016418457
30.0625 133 14.671119689941406
25.25 123 21.560001373291016
25.25 123 21.546504974365234
24.8125 120.5 20.939136505126953
24.25 120 20.173091888427734
23.625 122 18.630401611328125
23.625 122 13.630401611328125
-22.25 -26 -24.414726257324219
-22 -29 -21.843576431274414
-21.875 -30.5 -20.750837326049805
-21.875 -30.5 -20.782976150512695
-21.875 -30.5 -20.815116882324219
-24 -32.5 -23.289848327636719
-23.988378524780273 -32.489009857177734 -23.276315689086914
-132.9375 -5 -21.599145889282227
-130.3125 -4.5 -17.358905792236328
-130.3125 -3 -16.774162292480469
-131.375 -2.5 -15.874259948730469
-129.3125 -3 -16.440423965454102
-129.25 -3 -16.465145111083984
-128 1 -17.855722427368164
-125.125 0.5 -18.479455947875977
-124.0625 3 -18.790742874145508
-124.0625 3 -21.810897827148438
-124.9375 4.5 -22.282587051391602
-123.875 6.5 -20.056514739990234
-123.875 6.5 -20.047744750976562
-123.875 6.5 -20.037748336791992
-122.625 2 -15.01795482635498
-124.375 2 -15.018503189086914
-125.125 0.5 -15.018929481506348
-120.1875 0.5 -10.608104705810547
-117.6875 -1 -5.9438400268554687
-118.125 2.5 -2.9860165119171143
-122.0625 -6 4.4231986999511719
-123.25 -1 -1.2990162372589111
-124.4375 3.5 0.94267898797988892
-123.625 6 0.52592337131500244
-124.1875 7.5 -0.5466645359992981
-127 9 -7.4799189567565918
-127.9375 3.5 -9.6526374816894531
-129.3125 1.5 -9.1837873458862305
-129.375 1.5 -9.1664228439331055
-59.25 -23.5 25.820041656494141
-62.625 -20.5 24.02412223815918
-62.3125 -20 24.116939544677734
-67.3125 -20 22.100120544433594
-63.75 -18.5 22.139545440673828
-63.375 -18 22.143487930297852
-63.4375 -18 22.082977294921875
-64.25 -15.5 21.296329498291016
-67 -14.5 21.90557861328125
-70.5 -13.5 18.370044708251953
-72.0625 -16.5 22.200265884399414
-72.1875 -16.5 22.430080413818359
-0.6875 44 21.509998321533203
-0.75 44 21.494531631469727
-1.9375 42.5 20.844980239868164
-3.5625 42 19.365894317626953
-4.625 39 19.576366424560547
-5.5625 38.5 19.495809555053711
-8 37.5 18.770591735839844
-10.625 37 18.222959518432617
-12.4375 38 17.934833526611328
-13.4375 39 17.562402725219727
-14.125 39 15.917684555053711
-17.3125 38 16.494880676269531
-20.1875 39 17.847259521484375
-20.875 37 15.064098358154297
-18.75 38 16.494880676269531
-17.6875 37.5 16.589008331298828
-14.375 37.5 16.186840057373047
-12.625 38.5 12.804869651794434
-15.25 43.5 6.8727564811706543
-19.5625 39.5 6.7087335586547852
-19.9375 36 9.936676025390625
-21.1875 34.5 3.7091672420501709
-22.8125 36.5 1.6216733455657959
-22.3125 39 -0.69886171817779541
-22.3125 39 -0.73965907096862793
-25.8125 46 -4.6662406921386719
-28.0625 47.5 -5.1279807090759277
-29.25 53.5 -6.8283166885375977
-30.125 56 -8.5993576049804687
-30.25 56 -12.72552490234375
-31.0625 59 -15.146295547485352
-31.125 59 -16.836530685424805
-31.4375 62.5 -18.164440155029297
-29 60.5 -19.326362609863281
-27.9375 60 -21.56309700012207
-28.25 58.5 -22.227052688598633
-28.8125 55.5 -22.015653610229492
-30.9375 58 -23.43303108215332
-32.875 61 -23.90003776550293
-36.1875 60 -27.777576446533203
-38.5 58 -31.09588623046875
-36.75 56.5 -33.293689727783203
-39.1875 56.5 -35.020133972167969
-40.0625 57 -36.749717712402344
-39.9375 54 -36.641136169433594
-39.375 50.5 -40.471359252929688
-37.6875 57 -43.471950531005859
-35.25 54.5 -45.764640808105469
-35.25 54.5 -47.364639282226563
21.375 117 10.428301811218262
22.125 119.5 13.109457015991211
23.125 122.5 13.751955032348633
19.9375 126 14.620196342468262
21.75 127.5 14.620196342468262
13.5625 127.5 17.641916275024414
6.875 130 17.89109992980957
6.3125 140.5 19.654430389404297
5.625 140 19.654430389404297
5.625 140 22.354427337646484
2.9375 139 22.354427337646484
4.375 136.5 23.380487442016602
12.5625 133 22.896757125854492
15.8125 133 22.896757125854492
16.4375 128.5 24.572654724121094
15.875 128 26.141916275024414
13.5625 127.5 26.141916275024414
-103.0625 0 1.2870239019393921
-101.0625 -3 -0.96297603845596313
-103.375 -0.5 -7.0956201553344727
-102.6875 1 -4.8130054473876953
-106.0625 -5 -8.0860404968261719
-107.0625 -7 -3.5605170726776123
-108.625 -10 -2.018789529800415
-112.125 -14 0.92719101905822754
-113.75 -15 1.699041485786438
-113.25 -18.5 2.472874641418457
-113.25 -18.5 2.4343321323394775
-115.1875 -19.5 -0.26364403963088989
-115.25 -19.5 -0.30218654870986938
-114.4375 -23 1.0640721321105957
-113.375 -27.5 2.7718954086303711
-113.3125 -27.5 2.7273905277252197
-110.5625 -27.5 4.3032975196838379
-108.375 -29 9.293182373046875
-106.6875 -30.5 9.2778987884521484
-106.8125 -32 8.7984714508056641
-109.9375 -32.5 4.9306039810180664
-109.6875 -34 4.9200630187988281
-109.5625 -34 4.8391203880310059
-109.5 -34 1.1963957548141479
-101.625 -36 1.8944883346557617
-94 -37 1.9141672849655151
-82.8125 -41.5 -0.3638971745967865
-91 -26 11.956849098205566
-91.8125 -25 11.550009727478027
-91.8125 -24.5 11.534812927246094
-91.5 -21.5 11.078919410705566
-92.4375 -21 10.128329277038574
-93.4375 -22.5 7.9865303039550781
-93.75 -23 7.2076945304870605
-3.125 -5 -2.9318234920501709
-5 -6.5 -2.9318234920501709
-4.625 -2.5 -3.007392406463623
-7.5 -1 -3.1295623779296875
-7.375 0 -6.2812943458557129
-6.375 2 -4.5586233139038086
-7.125 2 0.069973103702068329
-8.8125 -6 -2.1316933631896973
-14.3125 -11.5 -2.0656857490539551
-12.5 -14 1.9100272655487061
-12.5 -14 -1.3899728059768677
-80.4375 66 29.163856506347656
-82.6875 68.5 27.163856506347656
-81.3125 76.5 26.466609954833984
-70 71 21.088726043701172
-69.25 75.5 21.013679504394531
-66.9375 73 20.952596664428711
-67.5 75.5 21.646417617797852
-65.6875 74.5 17.761447906494141
-65.75 80 11.116849899291992
-63.9375 83.5 7.710075855255127
-60.5625 90 6.6801948547363281
-54.4375 97.5 9.8012666702270508
-56.125 102 7.1722254753112793
-53.1875 106.5 1.5243250131607056
-57.125 115 -4.9570889472961426
-55.0625 115.5 -6.2570886611938477
-54.625 120.5 -9.4691171646118164
-56.3125 121.5 -9.4691171646118164
-57.5625 124.5 -7.8191165924072266
